Delta E = 1.1660539200875064e-09
Sz_tot = (0.5000000000000008+1.057916831098034e-17j)
SzSz-SxSx = (-7.466962363360583e-11+3.024313961611765e-17j)
