Delta E = 3.194260500549717e-07
Sz_tot = (0.5000000000000019+9.716751575091209e-17j)
SzSz-SxSx = (1.391631099645743e-11+1.0866074910877376e-16j)
Delta E = 3.192694748577196e-07
Sz_tot = (0.5000000000000007+5.363261931517696e-20j)
SzSz-SxSx = (-2.607254199707456e-11-3.2894323487136376e-18j)
