Delta E = 1.265021865037852e-09
Sz_tot = (0.5000000000000007+4.758276778523279e-17j)
SzSz-SxSx = (-5.568495760136304e-13-9.58249565793212e-17j)
